
state={
	id=1
	name="STATE_1"

	history={
		owner = TES
		buildings = {
			infrastructure = 1

		}

	}

	provinces={
		8 20 33 81 127 130 134 151 171 223 229 231 241 257 260 301 332 356 377 409 440 454 463 477 494 502 509 512 554 557 571 572 611 612 643 667 723 731 755 758 761 770 829 830 837 844 860 865 866 874 876 880 882 907 922 958 961 965 966 976 989 1007 1019 1028 1031 1058 1079 1094 1103 1104 1122 1143 1146 1155 1170 1171 1175 1189 1192 1195 1208 1227 1233 1249 1257 1276 1291 1294 1305 1306 1316 1321 1324 1326 1364 1374 1378 1402 1416 1423 1428 1434 1463 1464 1465 1476 1486 1490 1497 1507 1511 1524 1529 1533 1575 1583 1599 1605 1626 1629 1648 1660 1666 1667 1668 1676 1677 1693 1707 1740 1743 1779 1780 1782 1796 1812 1826 1827 1835 1845 1852 1876 1880 1902 1908 1920 1921 1931 1952 1965 1971 1977 1983 2012 2019 2023 2024 2027 2037 2038 2047 2054 2061 2072 2109 2110 2119 2126 2128 2139 2156 2173 2189 2193 2215 2216 2217 2220 2231 2254 2263 2284 2290 2295 2302 2306 2320 2322 2331 2354 2355 2358 2362 2369 2381 2393 2394 2400 2403 2412 2427 2451 2454 2460 2464 2466 2472 2482 2533 2564 2566 2584 2590 2592 2605 2614 2627 2628 2646 2656 2672 2677 2682 2686 2700 2717 2730 2733 2735 2738 2751 2757 2775 2820 2830 2838 2839 2873 2905 2910 2945 2951 2957 2961 2963 2974 2987 2991 2998 3031 3041 3046 3050 3057 3061 3070 3112 3114 3116 3117 3129 3141 3142 3154 3165 3183 3185 3193 3197 3199 3208 3211 3240 3241 3248 3269 3271 3276 3303 3309 3310 3315 3320 3328 3333 3344 3348 3355 3372 3393 3415 3428 3444 3450 3468 3472 3478 3485 3497 3509 3512 3516 3517 3538 3556 3567 3579 3589 3593 3594 3610 3612 3617 3633 3650 3663 3682 3726 3733 3794 3806 3832 3838 3845 3849 3852 3857 3894 3915 3932 3946 3958 3960 3964 3967 3968 3996 4003 4018 4046 4048 4090 4124 4125 4129 4140 4161 4174 4180 4196 4201 4212 4213 4217 4225 4229 4254 4259 4269 4275 4280 4281 4289 4303 4332 4342 4356 4361 4387 4392 4394 4405 4408 4420 4432 4435 4436 4446 4448 4452 4470 4475 4479 4484 4499 4503 4513 4519 4523 4529 4530 4562 4573 4588 4602 4610 4613 4626 4628 4654 4667 4670 4674 4678 4704 4753 4754 4763 4768 4772 4781 4785 4786 4794 4796 4798 4801 4817 4825 4844 4846 4856 4862 4869 4895 4896 4901 4932 4939 4941 4949 4952 4953 4971 4975 4977 4992 4995 4997 4998 5012 5014 5022 5030 5033 5043 5060 5062 5063 5073 5087 5099 5106 5112 5115 5160 5164 5166 5171 5173 5179 5181 5187 5189 5191 5192 5194 5221 5225 5226 5230 5232 5233 5236 5237 5245 5260 5262 5291 5300 5301 5330 5336 5349 5367 5375 5406 5407 5409 5420 5422 5429 5435 5439 5454 5463 5471 5481 5490 5517 5522 5525 5526 5531 5534 5542 5543 5553 5555 5571 5606 5608 5615 5616 5637 5641 5648 5657 5664 5667 5679 5691 5702 5706 5718 5719 5724 5769 5775 5783 5785 5792 5804 5805 5813 5824 5825 5874 5881 5888 5907 5914 5915 5924 5927 5944 5953 5998 6008 6026 6046 6052 6054 6059 6064 6066 6067 6074 6082 6083 6115 6140 6154 6163 6168 6174 6195 6198 6205 6209 6211 6214 6216 6234 6235 6236 6272 6275 6285 6293 6300 6316 6344 6347 6366 6369 6371 6379 6381 6390 6401 6418 6422 6452 6457 6466 6469 6470 6472 6481 6496 6508 6519 6522 6524 6541 6545 6547 6552 6562 6564 6565 6580 6587 6601 6618 6623 6637 6640 6641 6645 6648 6650 6654 6670 6672 6681 6695 6701 6707 6714 6722 6731 6735 6749 6751 6759 6774 6782 6794 6797 6809 6825 6828 6844 6867 6878 6904 6930 6961 6962 6968 6978 6981 6982 6988 7026 7032 7037 7046 7051 7066 7079 7081 7082 7093 7098 7104 7106 7113 7136 7138 7139 7144 7148 7154 7164 7177 7183 7194 7196 7208 7211 7224 7250 7255 7259 7266 7274 7276 7277 7279 7289 8124 8178 8293 8324 8337 8385 8391 8397 8398 8419 8424 8430 8431 8437 8443 8451 8455 8463 8468 8469 8470 8471 8475 8480 8482 8495 8499 8502 8511 8516 8528 8538 8545 8550 8554 8555 8557 8561 8570 8575 8576 8584 8586 8591 8604 8605 8611 8612 8619 8622 8633 8634 8638 8639 8640 8643 8661 8662 8665 8677 8686 8696 8697 8704 8707 8712 8713 8717 8718 8730 8736 8740 8742 8748 8751 8754 8755 8760 8763 8767 8768 8779 8780 8784 8788 8789 8790 8799 8800 8803 8808 8814 8815 8819 8826 8830 8832 8833 8836 8838 8843 8845 8854 8855 8866 8869 8877 8880 8881 8882 8883 8884 8885 8886 8890 8891 8893 8896 8898 8904 8905 8907 8908 8909 8911 8917 8918 8921 8922 8924 8925 8929 8930 8941 8942 8944 8949 8951 8952 8955 8958 8960 8961 8969 8972 8973 8978 8983 8989 8990 8994 8995 8999 9000 9004 9009 9017 9018 9019 9022 9024 9026 9027 9029 9031 9034 9035 9037 9042 9046 9049 9050 9051 9052 9055 9060 9063 9065 9066 9074 9075 9076 9078 9087 9088 9095 9096 9098 9100 9101 9107 9111 9115 9116 9117 9121 9125 9126 9127 9128 9129 9132 9133 9134 9137 9138 9143 9144 9145 9146 9148 9149 9151 9154 9155 9156 9157 9161 9163 9164 9165 9166 9168 9170 9171 9174 9176 9178 9179 9184 9188 9190 9192 9193 9194 9195 9196 9197 9198 9199 9200 9203 9205 9206 9207 9208 9213 9214 9215 9216 9217 9218 9220 9221 9223 9224 9225 9227 9228 9229 9230 9232 9233 9235 9236 9237 9241 9242 9243 9246 9247 9251 9256 9257 9259 9260 9262 9263 9265 9266 9267 9268 9269 9270 9271 9272 9273 9274 9275 9276 9278 9281 9284 9285 9286 9288 9289 9291 9292 9293 9294 9295 9296 9297 9300 9301 9302 9303 9306 9308 9309 9310 9311 9312 9313 9315 9317 9318 9319 9320 9321 9322 9325 9326 9327 9328 9330 9331 9332 9334 9335 9336 9337 9338 9341 9344 9345 9346 9347 9350 9352 9353 9355 9357 9360 9364 9365 9366 9368 9369 9370 9371 9372 9375 9377 9378 9380 9385 9386 9389 9390 9393 9395 9396 9397 9399 9400 9405 9409 9410 9411 9412 9415 9416 9419 9424 9425 9426 9427 9430 9431 9438 9440 10769 10785 }
	manpower=1
	buildings_max_level_factor=1.000
	state_category=wasteland
}
