
state={
	id=1
	name="STATE_1"

	history={
		owner = TES
		buildings = {
			infrastructure = 1

		}

	}

	provinces={
		5 6 8 18 19 20 31 33 38 42 45 49 55 58 62 64 66 69 70 72 75 77 81 83 85 86 87 92 93 97 100 103 104 106 107 109 110 115 118 119 121 127 129 130 134 137 139 141 143 144 145 148 151 161 163 168 169 171 174 175 177 179 180 189 191 195 203 204 209 211 223 225 229 230 231 235 241 243 245 253 255 256 257 258 260 262 270 281 282 287 288 293 297 301 302 304 307 318 319 321 323 329 331 332 338 340 341 348 350 353 356 360 364 365 367 368 374 376 377 378 379 382 383 386 387 389 390 392 394 395 401 406 409 416 421 423 428 431 440 441 446 451 452 453 454 455 456 457 463 467 477 479 480 489 490 491 494 498 499 500 501 502 505 506 507 509 510 511 512 516 519 520 521 533 535 540 550 554 555 556 557 558 562 564 571 572 573 574 575 578 580 584 585 586 588 591 593 611 612 616 618 626 627 628 633 635 636 639 642 643 644 646 651 654 656 665 667 668 672 685 691 698 703 704 706 710 712 713 718 719 723 727 728 731 736 738 742 743 746 750 755 756 758 760 761 765 766 768 769 770 773 774 777 778 785 786 788 793 796 803 806 807 809 812 814 818 821 823 824 825 829 830 834 836 837 840 843 844 847 849 851 853 858 860 862 865 866 871 872 873 874 875 876 877 880 881 882 883 888 891 892 894 895 906 907 910 912 913 916 921 922 929 932 934 935 936 937 938 939 942 947 955 956 958 959 961 965 966 971 972 973 976 978 979 980 987 988 989 992 995 999 1000 1003 1007 1011 1019 1020 1021 1025 1026 1028 1029 1031 1036 1037 1038 1048 1049 1054 1056 1058 1070 1071 1073 1077 1079 1080 1082 1083 1090 1091 1094 1096 1102 1103 1104 1105 1109 1116 1119 1121 1122 1128 1130 1132 1137 1138 1139 1143 1145 1146 1147 1148 1149 1153 1155 1161 1162 1165 1166 1169 1170 1171 1172 1173 1175 1180 1184 1189 1192 1194 1195 1198 1201 1208 1215 1227 1229 1231 1232 1233 1238 1249 1250 1253 1257 1258 1264 1265 1266 1274 1276 1277 1291 1294 1295 1296 1298 1300 1301 1302 1303 1305 1306 1315 1316 1318 1320 1321 1324 1325 1326 1331 1335 1336 1337 1341 1343 1345 1347 1353 1358 1359 1360 1362 1363 1364 1371 1374 1378 1382 1386 1391 1394 1395 1396 1398 1402 1404 1407 1414 1416 1423 1425 1427 1428 1433 1434 1435 1436 1437 1440 1444 1447 1449 1450 1453 1456 1457 1458 1459 1460 1461 1462 1463 1464 1465 1467 1468 1475 1476 1480 1484 1485 1486 1490 1491 1493 1494 1495 1497 1498 1507 1509 1511 1512 1516 1519 1524 1529 1533 1536 1539 1542 1546 1547 1548 1549 1552 1554 1560 1561 1567 1571 1573 1575 1580 1583 1586 1592 1596 1597 1598 1599 1600 1601 1605 1607 1608 1610 1614 1617 1619 1626 1628 1629 1630 1634 1635 1638 1641 1642 1644 1648 1658 1660 1663 1664 1665 1666 1667 1668 1670 1671 1672 1673 1676 1677 1680 1682 1684 1685 1689 1692 1693 1695 1701 1705 1707 1710 1712 1725 1732 1733 1736 1740 1743 1744 1747 1748 1752 1754 1758 1763 1765 1769 1777 1778 1779 1780 1782 1783 1785 1786 1791 1796 1798 1811 1812 1813 1816 1822 1825 1826 1827 1835 1841 1844 1845 1852 1855 1858 1859 1860 1870 1874 1876 1878 1880 1881 1887 1888 1889 1890 1892 1893 1897 1899 1902 1908 1909 1913 1914 1915 1916 1920 1921 1928 1929 1931 1935 1943 1944 1945 1946 1950 1952 1953 1955 1956 1957 1959 1960 1965 1966 1967 1971 1974 1975 1976 1977 1979 1983 1984 1986 1987 1990 1992 1993 1994 1996 1998 2001 2007 2012 2015 2016 2017 2018 2019 2020 2023 2024 2027 2029 2031 2037 2038 2039 2041 2042 2043 2044 2047 2049 2051 2054 2055 2056 2061 2068 2069 2072 2074 2079 2080 2082 2085 2096 2098 2103 2106 2109 2110 2114 2118 2119 2122 2123 2125 2126 2127 2128 2131 2134 2135 2139 2140 2142 2146 2151 2154 2156 2157 2161 2162 2167 2168 2170 2173 2175 2176 2178 2179 2183 2186 2189 2191 2193 2195 2197 2198 2200 2204 2206 2211 2213 2215 2216 2217 2219 2220 2221 2228 2231 2237 2248 2252 2254 2256 2259 2261 2263 2271 2276 2277 2280 2284 2288 2290 2292 2294 2295 2296 2298 2299 2300 2302 2303 2306 2310 2315 2316 2318 2320 2322 2326 2330 2331 2336 2348 2349 2354 2355 2358 2360 2362 2369 2371 2372 2375 2377 2381 2383 2385 2386 2389 2392 2393 2394 2396 2398 2400 2401 2403 2408 2412 2415 2418 2420 2422 2426 2427 2431 2435 2437 2442 2443 2447 2449 2451 2453 2454 2458 2459 2460 2464 2466 2470 2472 2475 2478 2479 2482 2484 2486 2487 2488 2492 2495 2497 2502 2506 2515 2520 2521 2523 2524 2526 2533 2535 2540 2542 2544 2546 2547 2548 2549 2551 2552 2553 2555 2556 2560 2564 2565 2566 2568 2569 2575 2577 2584 2590 2592 2593 2597 2598 2600 2602 2605 2612 2614 2615 2617 2618 2621 2623 2627 2628 2632 2634 2638 2639 2643 2645 2646 2647 2648 2651 2656 2657 2658 2659 2663 2664 2670 2672 2673 2676 2677 2678 2681 2682 2683 2685 2686 2689 2693 2700 2701 2702 2706 2709 2717 2721 2722 2724 2726 2727 2728 2729 2730 2731 2733 2734 2735 2738 2742 2743 2751 2752 2756 2757 2760 2766 2769 2774 2775 2777 2778 2781 2785 2790 2795 2796 2797 2807 2810 2820 2823 2827 2830 2834 2835 2838 2839 2840 2843 2845 2848 2852 2856 2858 2859 2863 2864 2869 2873 2874 2877 2878 2880 2881 2883 2889 2892 2896 2898 2899 2901 2902 2905 2910 2911 2915 2919 2920 2921 2924 2925 2927 2929 2934 2935 2936 2938 2941 2943 2944 2945 2946 2949 2951 2954 2956 2957 2958 2961 2963 2965 2966 2967 2968 2970 2973 2974 2980 2982 2987 2988 2991 2998 3000 3006 3014 3016 3018 3024 3025 3030 3031 3040 3041 3046 3050 3053 3054 3057 3059 3060 3061 3062 3070 3071 3080 3084 3085 3086 3091 3096 3097 3100 3106 3110 3111 3112 3114 3115 3116 3117 3118 3122 3129 3135 3136 3137 3138 3141 3142 3146 3154 3159 3164 3165 3168 3169 3171 3172 3176 3178 3180 3183 3184 3185 3193 3194 3196 3197 3198 3199 3200 3203 3205 3208 3209 3210 3211 3227 3230 3236 3237 3239 3240 3241 3242 3244 3247 3248 3249 3253 3255 3259 3261 3263 3267 3269 3270 3271 3272 3273 3275 3276 3281 3285 3288 3292 3297 3298 3302 3303 3307 3309 3310 3315 3316 3320 3328 3329 3330 3333 3337 3339 3341 3342 3344 3348 3349 3350 3352 3355 3356 3359 3362 3366 3367 3368 3371 3372 3373 3374 3376 3377 3379 3381 3385 3386 3387 3388 3393 3394 3404 3406 3410 3412 3415 3420 3421 3428 3430 3431 3432 3438 3441 3444 3445 3446 3448 3450 3454 3456 3457 3459 3463 3468 3471 3472 3474 3476 3478 3480 3484 3485 3489 3492 3496 3497 3498 3506 3507 3508 3509 3511 3512 3513 3514 3515 3516 3517 3519 3520 3526 3527 3528 3529 3533 3538 3540 3543 3546 3553 3554 3556 3559 3563 3567 3569 3571 3573 3576 3579 3580 3581 3583 3586 3589 3590 3592 3593 3594 3601 3602 3605 3610 3612 3616 3617 3618 3632 3633 3636 3638 3640 3643 3646 3650 3653 3654 3655 3656 3659 3663 3665 3668 3669 3671 3673 3674 3682 3683 3688 3689 3700 3707 3708 3710 3712 3713 3716 3717 3722 3724 3726 3727 3733 3734 3735 3736 3743 3744 3745 3746 3747 3757 3761 3780 3781 3787 3789 3794 3797 3799 3806 3807 3830 3832 3833 3834 3835 3836 3838 3839 3841 3842 3845 3847 3848 3849 3852 3855 3857 3858 3859 3860 3868 3870 3871 3874 3876 3879 3881 3882 3891 3894 3898 3914 3915 3918 3920 3923 3930 3931 3932 3946 3951 3955 3956 3958 3959 3960 3963 3964 3966 3967 3968 3969 3973 3974 3975 3976 3979 3982 3984 3985 3986 3988 3989 3994 3996 3998 3999 4003 4004 4005 4006 4009 4014 4015 4017 4018 4019 4024 4030 4031 4032 4033 4034 4041 4043 4046 4048 4055 4056 4059 4060 4063 4065 4071 4074 4081 4082 4083 4086 4088 4090 4091 4100 4102 4103 4105 4107 4112 4115 4117 4122 4124 4125 4126 4128 4129 4130 4131 4140 4147 4156 4157 4161 4165 4166 4169 4170 4171 4174 4176 4178 4180 4181 4187 4188 4189 4196 4197 4198 4199 4200 4201 4202 4209 4212 4213 4217 4218 4219 4222 4225 4229 4231 4234 4235 4238 4239 4241 4244 4245 4246 4251 4252 4253 4254 4255 4259 4263 4265 4267 4269 4273 4275 4279 4280 4281 4284 4285 4287 4289 4294 4296 4297 4302 4303 4304 4307 4308 4310 4314 4316 4317 4319 4323 4324 4325 4329 4331 4332 4338 4339 4341 4342 4344 4345 4349 4350 4356 4361 4363 4365 4368 4372 4376 4377 4379 4384 4387 4388 4392 4394 4395 4396 4398 4402 4403 4405 4408 4410 4412 4414 4420 4421 4425 4426 4430 4431 4432 4435 4436 4440 4446 4448 4450 4452 4458 4461 4466 4468 4470 4474 4475 4476 4477 4478 4479 4480 4484 4486 4488 4489 4491 4492 4495 4497 4499 4503 4506 4510 4513 4519 4523 4528 4529 4530 4537 4542 4543 4545 4546 4550 4551 4553 4554 4555 4557 4560 4562 4567 4573 4576 4581 4588 4589 4591 4593 4594 4595 4596 4598 4599 4602 4603 4604 4609 4610 4613 4614 4621 4626 4628 4629 4631 4633 4634 4635 4637 4639 4640 4643 4654 4655 4656 4657 4661 4664 4667 4670 4671 4674 4675 4677 4678 4679 4680 4682 4684 4688 4692 4699 4704 4707 4711 4714 4719 4728 4730 4731 4733 4736 4739 4742 4743 4744 4745 4753 4754 4756 4761 4762 4763 4764 4765 4766 4768 4772 4774 4776 4780 4781 4785 4786 4788 4793 4794 4796 4797 4798 4801 4804 4805 4807 4810 4811 4817 4818 4819 4820 4822 4825 4826 4830 4833 4836 4843 4844 4846 4847 4848 4851 4852 4854 4856 4862 4864 4868 4869 4871 4872 4878 4879 4881 4882 4883 4885 4886 4887 4892 4895 4896 4898 4899 4900 4901 4902 4904 4907 4908 4909 4912 4916 4919 4929 4932 4933 4937 4939 4940 4941 4942 4946 4948 4949 4952 4953 4961 4962 4963 4968 4970 4971 4975 4977 4980 4983 4984 4988 4992 4993 4995 4997 4998 4999 5002 5006 5008 5010 5011 5012 5013 5014 5020 5021 5022 5023 5024 5026 5027 5028 5029 5030 5032 5033 5037 5041 5043 5046 5049 5050 5054 5060 5062 5063 5064 5065 5066 5069 5072 5073 5079 5082 5083 5085 5087 5092 5093 5097 5099 5103 5105 5106 5107 5108 5112 5113 5115 5116 5117 5120 5121 5123 5125 5128 5129 5132 5138 5142 5143 5144 5155 5158 5160 5164 5166 5171 5173 5174 5179 5181 5182 5187 5189 5191 5192 5194 5196 5198 5203 5206 5208 5214 5217 5220 5221 5224 5225 5226 5230 5231 5232 5233 5236 5237 5239 5240 5244 5245 5246 5251 5253 5254 5257 5260 5262 5264 5266 5268 5271 5277 5278 5280 5281 5284 5291 5292 5300 5301 5308 5310 5311 5316 5322 5323 5328 5329 5330 5332 5333 5336 5337 5338 5343 5345 5346 5347 5349 5351 5353 5356 5359 5361 5362 5366 5367 5370 5374 5375 5381 5383 5390 5391 5394 5396 5398 5401 5402 5404 5405 5406 5407 5409 5410 5417 5420 5422 5423 5424 5425 5426 5427 5428 5429 5432 5435 5437 5439 5440 5441 5442 5443 5451 5453 5454 5455 5458 5462 5463 5466 5469 5470 5471 5473 5474 5475 5478 5481 5482 5486 5487 5490 5491 5495 5496 5501 5515 5517 5520 5522 5524 5525 5526 5530 5531 5534 5535 5537 5538 5542 5543 5545 5546 5547 5549 5550 5553 5555 5559 5562 5563 5565 5570 5571 5580 5582 5584 5587 5588 5593 5596 5601 5602 5605 5606 5607 5608 5610 5611 5612 5613 5615 5616 5618 5629 5631 5634 5636 5637 5639 5641 5648 5651 5653 5657 5658 5664 5667 5673 5676 5677 5678 5679 5681 5682 5684 5689 5691 5702 5703 5705 5706 5709 5712 5713 5718 5719 5721 5722 5723 5724 5726 5727 5731 5732 5733 5735 5739 5742 5747 5754 5762 5767 5769 5771 5772 5774 5775 5778 5782 5783 5785 5787 5791 5792 5793 5797 5802 5804 5805 5807 5809 5810 5812 5813 5818 5824 5825 5826 5828 5829 5833 5834 5835 5838 5840 5841 5843 5844 5848 5854 5855 5858 5861 5864 5867 5874 5875 5876 5879 5881 5886 5888 5890 5895 5900 5901 5902 5904 5906 5907 5910 5913 5914 5915 5918 5924 5926 5927 5928 5929 5930 5932 5933 5936 5937 5939 5941 5944 5945 5946 5949 5951 5953 5954 5955 5958 5960 5964 5965 5966 5971 5975 5977 5978 5981 5982 5986 5991 5992 5997 5998 6002 6008 6009 6011 6013 6014 6017 6018 6019 6022 6024 6025 6026 6027 6030 6031 6040 6041 6042 6043 6044 6046 6047 6049 6052 6053 6054 6059 6060 6061 6064 6066 6067 6068 6071 6074 6080 6082 6083 6092 6094 6097 6099 6101 6103 6107 6111 6115 6118 6120 6121 6126 6132 6135 6137 6138 6140 6142 6146 6150 6152 6154 6163 6164 6167 6168 6171 6172 6174 6181 6182 6187 6190 6193 6195 6196 6198 6200 6204 6205 6209 6211 6214 6216 6217 6219 6224 6226 6227 6232 6234 6235 6236 6241 6243 6245 6246 6248 6249 6254 6255 6257 6260 6263 6264 6272 6274 6275 6276 6277 6280 6282 6283 6285 6287 6288 6290 6293 6300 6302 6308 6309 6311 6313 6316 6317 6318 6319 6320 6322 6323 6326 6327 6334 6338 6344 6345 6346 6347 6350 6353 6354 6357 6358 6359 6360 6364 6366 6369 6370 6371 6375 6376 6379 6381 6385 6387 6390 6391 6392 6395 6400 6401 6412 6413 6414 6415 6418 6419 6422 6424 6431 6434 6439 6449 6452 6454 6457 6458 6460 6461 6462 6466 6468 6469 6470 6471 6472 6476 6477 6479 6480 6481 6483 6486 6488 6489 6493 6494 6495 6496 6503 6508 6515 6517 6519 6522 6524 6530 6531 6532 6534 6538 6541 6542 6545 6547 6551 6552 6558 6562 6563 6564 6565 6566 6567 6568 6578 6580 6586 6587 6588 6589 6594 6596 6597 6598 6599 6600 6601 6602 6606 6609 6612 6613 6616 6618 6623 6627 6628 6633 6634 6637 6639 6640 6641 6642 6645 6647 6648 6650 6653 6654 6661 6662 6664 6665 6670 6672 6675 6681 6682 6684 6695 6697 6699 6701 6702 6706 6707 6708 6713 6714 6721 6722 6727 6728 6729 6730 6731 6734 6735 6737 6739 6742 6745 6747 6749 6750 6751 6752 6753 6754 6756 6759 6760 6763 6764 6765 6770 6771 6774 6777 6778 6782 6783 6784 6785 6787 6791 6794 6796 6797 6805 6808 6809 6811 6812 6815 6818 6819 6820 6821 6824 6825 6828 6829 6831 6833 6834 6842 6844 6845 6847 6849 6851 6853 6858 6860 6863 6867 6868 6869 6874 6877 6878 6880 6886 6888 6892 6894 6901 6903 6904 6905 6909 6910 6911 6912 6913 6917 6920 6929 6930 6933 6934 6938 6939 6944 6945 6948 6950 6951 6952 6954 6955 6958 6960 6961 6962 6963 6964 6968 6971 6975 6978 6981 6982 6984 6987 6988 6991 6996 7000 7003 7005 7007 7009 7012 7019 7022 7025 7026 7032 7033 7037 7040 7046 7047 7048 7050 7051 7056 7057 7060 7061 7065 7066 7075 7076 7078 7079 7081 7082 7088 7093 7095 7097 7098 7102 7104 7106 7107 7110 7113 7115 7118 7120 7122 7125 7128 7129 7130 7133 7136 7137 7138 7139 7142 7144 7147 7148 7149 7150 7151 7154 7159 7164 7168 7169 7177 7180 7182 7183 7185 7188 7189 7193 7194 7196 7197 7208 7211 7213 7215 7219 7221 7223 7224 7225 7227 7231 7237 7247 7250 7252 7255 7259 7260 7266 7271 7272 7273 7274 7276 7277 7279 7282 7287 7289 7293 7294 7295 7297 8124 8157 8169 8178 8182 8219 8222 8234 8274 8293 8294 8313 8324 8337 8344 8352 8355 8362 8366 8367 8373 8374 8380 8385 8391 8392 8397 8398 8412 8413 8417 8419 8420 8424 8426 8430 8431 8432 8433 8437 8443 8446 8451 8455 8456 8462 8463 8464 8465 8468 8469 8470 8471 8473 8475 8477 8480 8482 8483 8485 8491 8492 8494 8495 8497 8499 8500 8502 8503 8505 8510 8511 8512 8516 8517 8518 8519 8520 8522 8523 8525 8526 8527 8528 8532 8534 8535 8538 8541 8544 8545 8550 8551 8552 8554 8555 8556 8557 8558 8560 8561 8562 8564 8565 8570 8574 8575 8576 8577 8578 8582 8583 8584 8586 8587 8591 8597 8598 8601 8604 8605 8606 8609 8611 8612 8614 8615 8616 8618 8619 8620 8622 8623 8629 8630 8631 8633 8634 8635 8638 8639 8640 8641 8642 8643 8644 8647 8650 8651 8656 8657 8658 8661 8662 8665 8668 8669 8671 8673 8674 8675 8677 8678 8682 8683 8684 8686 8687 8692 8694 8695 8696 8697 8699 8702 8703 8704 8707 8708 8709 8712 8713 8714 8715 8717 8718 8719 8721 8722 8725 8726 8727 8730 8731 8732 8736 8740 8741 8742 8744 8745 8748 8749 8751 8752 8754 8755 8756 8757 8758 8760 8763 8764 8765 8767 8768 8770 8771 8773 8774 8779 8780 8781 8784 8785 8788 8789 8790 8792 8795 8796 8797 8799 8800 8803 8804 8805 8808 8809 8812 8814 8815 8816 8819 8820 8821 8823 8826 8827 8828 8830 8832 8833 8834 8836 8838 8839 8840 8843 8845 8846 8848 8849 8850 8854 8855 8862 8866 8868 8869 8870 8872 8873 8877 8880 8881 8882 8883 8884 8885 8886 8890 8891 8893 8896 8897 8898 8899 8900 8904 8905 8907 8908 8909 8910 8911 8912 8917 8918 8921 8922 8924 8925 8926 8929 8930 8931 8933 8934 8936 8937 8941 8942 8944 8945 8949 8950 8951 8952 8953 8955 8956 8958 8959 8960 8961 8962 8963 8966 8967 8969 8970 8972 8973 8974 8976 8978 8979 8982 8983 8984 8987 8988 8989 8990 8991 8994 8995 8998 8999 9000 9001 9002 9003 9004 9009 9010 9011 9013 9014 9015 9016 9017 9018 9019 9022 9023 9024 9025 9026 9027 9028 9029 9031 9034 9035 9037 9038 9042 9043 9046 9047 9048 9049 9050 9051 9052 9055 9058 9059 9060 9061 9063 9065 9066 9067 9071 9072 9074 9075 9076 9077 9078 9080 9084 9085 9087 9088 9089 9090 9091 9093 9095 9096 9097 9098 9100 9101 9105 9107 9108 9109 9111 9114 9115 9116 9117 9118 9119 9121 9122 9125 9126 9127 9128 9129 9132 9133 9134 9136 9137 9138 9139 9140 9141 9143 9144 9145 9146 9147 9148 9149 9151 9152 9154 9155 9156 9157 9158 9159 9160 9161 9163 9164 9165 9166 9168 9170 9171 9174 9175 9176 9178 9179 9184 9185 9186 9188 9189 9190 9191 9192 9193 9194 9195 9196 9197 9198 9199 9200 9203 9205 9206 9207 9208 9209 9210 9211 9213 9214 9215 9216 9217 9218 9220 9221 9222 9223 9224 9225 9226 9227 9228 9229 9230 9232 9233 9235 9236 9237 9238 9241 9242 9243 9245 9246 9247 9248 9251 9256 9257 9258 9259 9260 9262 9263 9265 9266 9267 9268 9269 9270 9271 9272 9273 9274 9275 9276 9277 9278 9281 9283 9284 9285 9286 9287 9288 9289 9290 9291 9292 9293 9294 9295 9296 9297 9298 9300 9301 9302 9303 9304 9306 9307 9308 9309 9310 9311 9312 9313 9315 9317 9318 9319 9320 9321 9322 9325 9326 9327 9328 9330 9331 9332 9334 9335 9336 9337 9338 9339 9341 9342 9344 9345 9346 9347 9348 9349 9350 9351 9352 9353 9354 9355 9356 9357 9358 9360 9364 9365 9366 9367 9368 9369 9370 9371 9372 9373 9375 9377 9378 9379 9380 9381 9383 9384 9385 9386 9387 9389 9390 9392 9393 9395 9396 9397 9398 9399 9400 9401 9402 9403 9404 9405 9406 9407 9409 9410 9411 9412 9413 9414 9415 9416 9417 9418 9419 9420 9421 9423 9424 9425 9426 9427 9428 9429 9430 9431 9434 9435 9438 9439 9440 9441 9442 9443 9444 9445 9446 9447 9449 9450 9451 9452 9453 9454 9455 9456 9457 9458 9459 9460 9462 9463 9464 9466 9469 9470 9471 9472 9473 9474 9478 9479 9483 9484 9485 9486 9487 9488 9490 9491 9492 9494 9495 9498 9499 9501 9502 9504 9505 9508 9509 9512 9513 9514 9516 9518 9522 9524 9526 9528 9529 9531 9533 9534 9535 9537 9539 9542 9544 9545 9547 9554 9555 9560 9561 9562 9563 9568 9569 9571 9575 9582 9585 9602 9604 9608 9609 9613 9616 9621 9625 9627 9628 9629 9630 9633 9634 9637 9639 9642 9643 9646 9648 9653 9654 9655 9656 9662 9664 9665 9670 9671 9672 9673 9675 9677 9678 9681 9683 9684 9686 9688 9689 9692 9693 9694 9698 9700 9704 9705 9706 9708 9709 9712 9714 9716 9718 9719 9721 9722 9723 9724 9725 9727 9728 9730 9731 9732 9733 9734 9735 9736 9737 9738 9739 9740 9741 9742 9743 9744 9745 9746 9747 9748 9751 9752 9753 9755 9756 9757 9758 9759 9760 9761 9762 9763 9766 9767 9768 9769 9770 9771 9772 9773 9774 9775 9776 9777 9778 9779 9780 9781 9782 9784 9785 9786 9787 9788 9789 9791 9792 9793 9794 9795 9796 9797 9798 9799 9800 9801 9802 9803 9804 9807 9808 9809 9810 9811 9812 9813 9814 9815 9816 9817 9818 9819 9820 9821 9822 9824 9825 9826 9827 9828 9829 9830 9831 9832 9833 9834 9835 9836 9837 9838 9839 9840 9841 9842 9844 9845 9847 9848 9849 9850 9851 9852 9853 9854 9855 9856 9857 9858 9859 9860 9861 9862 9863 9864 9865 9866 9867 9868 9869 9870 9871 9873 9874 9875 9876 9877 9878 9879 9880 9881 9882 9884 9885 9886 9887 9888 9889 9890 9891 9892 9893 9894 9895 9896 9897 9898 9899 9900 9901 9902 9903 9904 9905 9906 9907 9908 9909 9910 9911 9912 9913 9914 9915 9916 9917 9918 9919 9920 9921 9922 9923 9924 9925 9926 9927 9928 9929 9930 9931 9932 9933 9934 9935 9936 9937 9938 9939 9940 9941 9942 9943 9944 9945 9946 9947 9948 9949 9950 9951 9952 9953 9954 9955 9956 9957 9958 9959 9960 9961 9962 9963 9964 9965 9966 9967 9968 9969 9970 9971 9972 9973 9974 9975 9976 9977 9978 9979 9980 9981 9982 9983 9984 9985 9986 9987 9988 9989 9990 9991 9992 9993 9994 9995 9996 9997 9998 9999 10000 10001 10002 10003 10004 10005 10006 10007 10008 10009 10010 10011 10012 10013 10014 10015 10016 10017 10018 10019 10020 10021 10022 10023 10024 10025 10026 10027 10028 10029 10030 10031 10032 10033 10034 10035 10036 10037 10038 10039 10040 10041 10042 10043 10044 10045 10046 10047 10048 10049 10050 10051 10052 10053 10054 10055 10056 10057 10058 10059 10060 10061 10062 10063 10064 10065 10066 10067 10068 10069 10070 10071 10072 10073 10074 10075 10076 10077 10078 10079 10080 10081 10082 10083 10084 10085 10086 10087 10088 10089 10090 10091 10092 10093 10094 10095 10096 10097 10098 10099 10100 10101 10102 10103 10104 10105 10106 10107 10108 10109 10110 10111 10112 10113 10114 10115 10116 10117 10118 10119 10120 10121 10122 10123 10124 10125 10126 10127 10128 10129 10130 10131 10132 10133 10134 10135 10136 10137 10138 10139 10140 10141 10142 10143 10144 10145 10146 10147 10148 10149 10150 10151 10152 10153 10154 10155 10156 10157 10158 10159 10160 10161 10162 10163 10164 10165 10166 10167 10168 10169 10170 10171 10172 10173 10174 10175 10176 10177 10178 10179 10180 10181 10182 10183 10184 10185 10186 10187 10189 10190 10191 10192 10193 10194 10196 10197 10198 10199 10200 10201 10202 10203 10204 10206 10207 10208 10210 10211 10212 10214 10216 10217 10218 10219 10220 10221 10223 10224 10225 10226 10227 10231 10232 10233 10235 10236 10237 10238 10239 10240 10242 10244 10245 10247 10248 10249 10250 10251 10252 10253 10254 10255 10256 10257 10258 10259 10260 10261 10263 10264 10265 10266 10267 10268 10269 10270 10271 10273 10274 10277 10281 10282 10283 10284 10288 10292 10293 10294 10295 10297 10299 10304 10306 10310 10312 10314 10315 10318 10319 10320 10326 10327 10335 10337 10339 10341 10347 10348 10769 10778 10779 10781 10785 12139 12140 12141 12142 12143 12144 12145 12146
	}
	manpower=1
	buildings_max_level_factor=1.000
	state_category=wasteland
}
