
state={
	id=100
	name="STATE_100"

	history={
		owner = TES

	}

	provinces={
		47 213 295 328 335 444 470 508 548 638 683 757 842 931 998 1087 1088 1200 1242 1349 1534 1649 1696 1764 1830 1925 1988 2004 2026 2048 2130 2133 2196 2243 2585 2603 2660 2695 2870 2922 3128 3225 3277 3306 3503 3568 3637 3740 3753 3995 4114 4116 4162 4328 4337 4617 4652 4746 4760 4821 5007 5149 5172 5223 5382 5392 5421 5480 5500 5572 5575 5685 5755 5765 5878 5908 5934 5996 6055 6237 6289 6291 6340 6399 6475 6553 6592 6624 6743 6906 6941 6946 6998 7015 7077 7117 9436 9476 9493 9503 9543 9556 9557 9566 9567 9576 9580 9588 9589 9594 9597 9605 9607 9610 9617 9622 9623 9635 9636 9644 9647 9649 9650 9651 9657 9659 9660 9666 9667 9668 9669 9679 9680 9690 9697 9701 9702 9713 9720 9729 9764 9806 9843 9846 9872 9883 
	}
	manpower=1
	buildings_max_level_factor=1.000
	state_category=town
	local_supplies=0.000
}
