
state={
	id=101
	name="STATE_101"

	history={
		owner = EGY

	}

	provinces={
		16 53 73 80 126 150 183 237 279 358 471 475 523 577 634 647 687 898 904 917 975 1018 1034 1041 1074 1135 1141 1217 1246 1254 1272 1373 1385 1429 1439 1521 1532 1535 1543 1611 1639 1652 1674 1824 1877 1906 2075 2077 2108 2187 2222 2289 2304 2323 2328 2339 2379 2399 2446 2607 2661 2690 2803 2808 2849 2853 2866 2867 2909 2983 3064 3077 3103 3107 3125 3143 3215 3243 3245 3296 3322 3335 3347 3351 3354 3399 3405 3427 3462 3467 3479 3491 3499 3501 3560 3585 3599 3620 3627 3752 3758 3809 3818 3837 3873 3890 3900 3909 3919 3927 3928 4066 4152 4168 4205 4230 4258 4262 4318 4367 4371 4375 4416 4439 4579 4586 4616 4619 4651 4662 4665 4722 4865 4922 4927 4967 4972 5081 5114 5133 5141 5150 5153 5170 5188 5207 5273 5348 5408 5411 5413 5450 5492 5511 5626 5644 5670 5707 5737 5777 5963 5967 5983 6075 6076 6090 6108 6141 6177 6279 6284 6306 6506 6511 6537 6615 6659 6663 6680 6804 6861 6923 6932 7034 7116 7145 7200 7244 7245 7246 7253 8514 8533 8549 8566 8571 8572 8581 8585 8596 8599 8602 8636 8637 8663 8664 8670 8676 8681 8698 8705 8723 8737 8738 8759 8775 8782 8791 8798 8817 8825 8829 8835 8841 8844 8856 8859 8863 8867 8878 8887 8935 8943 8975 8977 8980 9005 9006 9020 9021 9039 9044 9056 9073 9092 9112 9120 9123 9142 9150 9167 9172 9180 9181 9219 9234 9254 9261 9280 9314 9316 9323 9340 9362 9363 9388 9433 
	}
	manpower=1
	buildings_max_level_factor=1.000
	state_category=town
}
