
state={
	id=102
	name="STATE_102"
	provinces={
		276 330 342 622 1066 1239 1388 1420 1526 1528 1585 1621 2005 2009 2257 2332 2455 2626 2812 2948 3066 3075 3090 3124 3251 3299 3537 3732 3792 3948 4058 4111 4123 4203 4211 4232 4268 4299 4370 4526 4531 4540 4648 4650 4697 4759 4893 4918 5031 5047 5267 5302 5579 5598 5603 5749 5795 5863 5866 5885 5892 5985 6077 6081 6128 6160 6162 6325 6374 6459 6467 6502 6555 6573 6584 6629 6704 6733 6873 7029 7103 7226 7265 9467 9475 9500 9506 9515 9519 9521 9523 9530 9540 9546 9549 9550 9551 9552 9553 9564 9572 9574 9577 9578 9579 9583 9584 9586 9587 9591 9593 9595 9596 9598 9599 9600 9601 9603 9606 9611 9614 9615 9618 9626 9631 9638 9640 9641 9663 9674 9682 
	}
	state_category=town
	history={
		owner=TES
	}
	manpower=1
	buildings_max_level_factor=1.000
}
