
state={
	id=108
	name="STATE_108"

	history={
		owner = ETH

	}

	provinces={
		124 164 192 215 300 325 343 349 354 472 486 653 692 694 752 822 868 933 985 1101 1154 1223 1235 1284 1332 1339 1350 1352 1424 1432 1522 1527 1565 1578 1675 1687 1831 1834 1842 1947 2028 2065 2192 2283 2293 2305 2333 2344 2368 2378 2391 2438 2439 2505 2507 2574 2699 2703 2744 2748 2875 2891 2937 2942 2964 3004 3013 3043 3051 3072 3132 3157 3167 3253 3301 3323 3423 3447 3502 3531 3625 3679 3686 3705 3810 3843 3897 3940 3942 3961 4040 4216 4261 4286 4288 4427 4433 4453 4482 4498 4501 4532 4541 4647 4666 4703 4715 4725 4748 4799 4870 4877 4880 4928 4936 4955 4956 5009 5019 5056 5061 5071 5074 5077 5090 5118 5274 5325 5365 5433 5456 5459 5461 5464 5489 5567 5590 5595 5630 5686 5690 5750 5773 5784 5821 5957 5995 6004 6020 6079 6155 6170 6244 6315 6408 6410 6445 6501 6513 6523 6540 6548 6554 6569 6570 6581 6585 6622 6655 6656 6678 6720 6779 6788 6865 6967 6980 6997 7013 7044 7071 7083 7114 7143 7290 8314 8320 8323 8327 8338 8340 8341 8347 8349 8354 8359 8363 8370 8378 8383 8388 8395 8401 8405 8423 8427 8429 8444 8445 8448 8457 8459 8478 8484 8488 8489 8493 8498 8515 8530 8531 8539 8540 8542 8553 8567 8569 8573 8588 8592 8593 8594 8600 8617 8624 8625 8626 8632 8649 8652 8653 8654 8688 8690 8700 8701 8706 8716 8733 8743 8772 8783 8786 8793 8801 8810 8813 8818 8831 8851 8852 8857 8864 8875 8879 8888 8889 8894 8901 8903 8906 8913 8914 8923 8938 8939 8946 8968 8971 8992 8996 8997 9033 9036 9040 9045 9053 9062 9064 9068 9069 9086 9094 9104 9106 9201 9212 9253 
	}
	manpower=1
	buildings_max_level_factor=1.000
	state_category=town
	local_supplies=0.000
}
