
state={
	id=109
	name="STATE_109"

	history={
		owner = MRN

	}

	provinces={
		15 274 398 420 946 1024 1186 1537 1722 1850 1882 1924 1939 2006 2236 2918 2926 2939 2979 3042 3382 3626 3629 3762 3921 4047 4052 4070 4207 4438 4472 4747 5034 5384 5400 5779 5827 6035 6089 6397 6405 6417 6437 6442 6507 6632 6850 6857 7167 10521 10522 10527 10530 10531 10532 10534 10536 10537 10538 10544 10545 10546 10547 10548 10550 10551 10554 10555 10556 10557 10558 10559 10563 10565 10567 10570 10573 10576 
	}
	manpower=1
	buildings_max_level_factor=1.000
	state_category=town
	local_supplies=0.000
}
