
state={
	id=110
	name="STATE_110"

	history={
		owner = MRN

	}

	provinces={
		311 345 449 631 854 926 1167 1199 1205 1393 1604 1730 2083 2104 2121 2143 2245 2406 2461 2680 2707 2711 2912 3011 3039 3195 3234 3452 3544 3624 3765 3768 4044 4045 4146 4185 4260 4352 4437 4504 4520 4735 4863 4906 4926 5036 5140 5286 5415 5494 5962 6006 6029 6206 6270 6388 6411 6579 6775 6827 6837 7030 7064 7124 7140 7184 7195 7207 7220 7248 10552 10564 10568 10574 10575 10577 10579 10581 10583 10585 10588 10590 10592 10593 10595 10596 10598 10604 10606 10607 10608 10610 10611 10612 10613 10614 10616 10619 10621 10622 10624 10625 10626 10627 10628 10630 10631 10633 10634 10635 10637 10641 10649 10674
	}
	manpower=1
	buildings_max_level_factor=1.000
	state_category=town
	local_supplies=0.000
}
