
state={
	id=111
	name="STATE_111"

	history={
		owner = TES

	}

	provinces={
		36 56 59 167 272 290 334 474 476 488 526 576 690 741 863 878 885 950 1008 1030 1062 1140 1196 1299 1612 1651 1714 1731 1853 1912 1933 1961 2033 2073 2081 2120 2230 2311 2404 2419 2429 2468 2527 2576 2609 2641 2786 2862 3093 3216 3343 3494 3525 3591 3598 4525 4584 4813 4917 5185 5372 6250 6527 6673 6947 10325 10338 10378 10412 10429 10480 10502 10781 
	}
	manpower=1
	buildings_max_level_factor=1.000
	state_category=town
}
