
state={
	id=113
	name="STATE_113"

	history={
		owner = TES

	}

	provinces={
		3 37 41 63 74 114 116 128 160 165 186 397 399 460 464 503 539 551 608 686 734 775 813 909 911 943 948 962 1043 1045 1046 1084 1085 1106 1113 1185 1190 1210 1213 1236 1268 1309 1355 1409 1417 1418 1419 1470 1613 1625 1627 1723 1751 1774 1809 1837 1903 1910 1926 1927 1936 2013 2129 2147 2182 2199 2208 2313 2327 2359 2433 2510 2586 2625 2714 2762 2825 2833 2857 2872 2882 2913 3005 3048 3120 3153 3174 3191 3369 3422 3449 3483 3510 3532 3566 3647 3661 3676 3677 3816 3844 3895 3906 3965 4011 4029 4037 4139 4144 4228 4322 4336 4362 4374 4378 4383 4463 4467 4490 4547 4559 4724 4769 4930 4931 5058 5110 5204 5211 5235 5247 5255 5287 5386 5457 5576 5695 5748 5789 5811 5845 5870 5940 5943 5961 5993 6005 6021 6033 6036 6072 6125 6229 6278 6305 6343 6426 6432 6575 6591 6610 6611 6705 6789 6802 6826 6836 7031 7036 7055 7123 7230 7283 10526 10533 10542 10560 10569 10572 10580 10584 10586 10597 10602 10603 10605 10609 10617 10618 10623 10629 10638 10639 10643 10644 10652 10653 10656 10657 10660 10664 10665 10666 10671 10675 10677 10681 10682 10684 10686 10687 10688 10689 10690 10691 10692 10693 10694 10695 10696 10697 10698 10699 10700 10701 10702 10703 10704 10705 
	}
	manpower=1
	buildings_max_level_factor=1.000
	state_category=town
}
