
state={
	id=116
	name="STATE_116"
	provinces={
		11 79 149 153 184 315 336 355 405 466 569 582 602 606 674 711 716 747 919 1016 1098 1187 1252 1319 1334 1342 1356 1401 1405 1422 1482 1489 1563 1624 1650 1851 1875 1911 1951 1962 2008 2091 2100 2163 2251 2287 2341 2373 2462 2465 2467 2476 2504 2601 2708 2719 2725 2739 2749 2787 2799 2801 2868 2996 3098 3101 3134 3147 3170 3224 3254 3278 3324 3364 3411 3439 3539 3549 3575 3623 3642 3664 3667 3694 3696 3711 3728 3811 3819 3826 3853 3880 3987 4050 4053 4068 4076 4087 4220 4240 4295 4393 4473 4569 4622 4649 4676 4687 4693 4718 4737 4755 4842 4853 5017 5148 5165 5168 5263 5265 5290 5298 5315 5327 5341 5344 5395 5436 5445 5497 5507 5574 5633 5757 5776 5801 5803 5822 5836 5917 5973 5987 6028 6034 6037 6063 6112 6147 6153 6158 6165 6185 6341 6368 6406 6407 6430 6456 6499 6546 6636 6644 6671 6757 6810 6846 6882 6893 6899 6916 6940 6972 6977 7016 7028 7165 7269 7288 10188 10195 10205 10209 10213 10215 10222 10228 10230 10241 10243 10246 10272 10275 10276 10278 10279 10280 10285 10287 10289 10290 10291 10298 10300 10301 10305 10307 10311 10313 10321 10323 10324 10328 10329 10330 10332 10334 10336 10343 10346 10349 10354 10356 10357 10360 10362 10364 10365 10366 10367 10373 10374 10375 10377 10380 10382 10387 10389 10391 10392 10394 10405 10409 10411 10419 10421 10427 10438 10447 10451 10455 10459 10461 10464 10466 10471 10475 10481 10497 10503 10513 10517 
	}
	state_category=town
	history={
		owner=TES
	}
	manpower=1
	buildings_max_level_factor=1.000
}
