
state={
	id=117
	name="STATE_117"
	provinces={
		25 112 217 435 563 615 684 721 838 897 945 968 1068 1372 1477 1483 1570 1659 1694 1907 1923 1985 2071 2235 2413 2414 2530 2759 2804 2997 3017 3052 3056 3121 3140 3250 3365 3429 3436 3552 3793 3812 3938 4000 4118 4158 4194 4257 4343 4359 4428 4564 4568 4712 4934 5040 5042 5091 5197 5213 5222 5269 5350 5352 5412 5472 5479 5528 5551 5581 5627 5628 5704 5730 5740 5751 5877 5883 5903 5920 5956 6015 6023 6039 6058 6070 6073 6110 6124 6339 6583 6667 6879 6992 6999 7008 7035 7039 7087 7175 7176 7178 7187 7190 7212 10308 10316 10322 10331 10333 10340 10345 10350 10351 10352 10358 10359 10361 10363 10369 10370 10371 10372 10376 10384 10385 10386 10393 10395 10396 10397 10398 10400 10402 10403 10404 10408 10414 10417 10418 10423 10424 10425 10426 10431 10432 10433 10436 10437 10444 10445 10449 10450 10454 10456 10458 10469 10470 10472 10473 10478 10479 10482 10483 10487 10491 10492 10493 10498 10499 10501 10505 10508 10509 10518 10520 10525 
	}
	state_category=town
	history={
		owner=TES
	}
	manpower=1
	buildings_max_level_factor=1.000
}
