
state={
	id=14
	name="STATE_14"

	history={
		owner = OTO
	}

	provinces={
		111 286 299 403 414 581 637 699 808 884 997 1207 1297 1367 1793 1948 1995 2165 2172 2463 2512 2624 2697 2952 3073 3082 3188 3235 3312 3353 3490 3570 3600 3645 4093 4163 4179 4206 4243 4249 4300 4312 4449 4549 4563 4600 4691 4777 4860 4986 4989 5086 5127 5163 5294 5393 5448 5508 5554 5564 5568 5586 5696 5701 5743 5745 5880 5905 6093 6130 6183 6373 6382 6384 6420 6427 6497 6593 6614 6710 6926 6990 7162 7163 7173 7299 7307 7308 7309 7310 7311 7331 7343 7350 7356 7359 7365 7366 7368 7373 7384 7385 7394 7399 7405 7411 7414 7421 7423 7425 7428 7430 7437 7448 7452 7457 7458 7467 7469 7478 7479 7481 7484 7494 7510 7535 10706 10707 12132 12136 12137
	}
	manpower=1
	buildings_max_level_factor=1.000
	state_category=town
}
