
state={
	id=150
	name="STATE_150"

	history={
		owner = ZAN

	}

	provinces={
		656 1253 1359 1494 1619 1747 1916 2389 2593 2664 2874 3168 3209 3329 3385 3445 3781 3881 3931 4032 4083 4126 4263 4398 4440 4543 4581 4614 4805 4810 4852 4940 5441 5495 5618 5713 5733 5735 5930 5965 6044 6317 6400 6734 6888 6971 7120 7225 9867 9887 9895 9900 9916 9920 9934 9935 9948 9953 9966 9974 9986 10003 10004 10011 10012 10028 10030 10040 10064 10080 10103 10124 10151 10152 10154 
	}
	manpower=1
	buildings_max_level_factor=1.000
	state_category=town
	local_supplies=0.000
}
