
state={
	id=151
	name="STATE_151"
	provinces={
		452 520 1301 1457 1468 1945 2318 2385 2778 3236 3341 3368 3559 3920 4059 4081 4107 4488 4682 4851 5333 5396 5611 5844 6101 6320 6357 6588 6808 6858 6939 7050 7159 7182 10117 10148 10172 10185 10192 10202 10212 10218 10220 10224 10227 10236 10242 10248 10260 10261 10263 10269 10270 10288 10294 10310 10314 10320 10327 10335 10339 10347 10348 
	}
	state_category=town
	history={ afr_state_setup_scripted_effect = yes
		owner=TES
	}
	manpower=1
	buildings_max_level_factor=1.000
}
