
state={
	id=152
	name="STATE_152"

	history={
		owner = POR
	}

	provinces={
		75 191 307 318 340 382 511 588 774 895 942 1077 1300 1396 1398 1450 1516 1642 1701 1769 1785 1913 1955 1960 1998 2118 2135 2197 2316 2458 2459 2553 2651 3171 3463 3474 3492 3590 3653 3655 3683 3727 3835 3842 3979 4285 4537 4603 5021 5027 5108 5271 5277 5432 5538 5612 6190 6255 6283 6863 6958 7169 10017 10034 10046 10137 10158 10178 10247 10252 10271 10282 10295 10318 
	}
	manpower=1
	buildings_max_level_factor=1.000
	state_category=town
}
