
state={
	id=153
	name="STATE_153"

	history={
		owner = LOZ

	}

	provinces={
		87 163 177 389 421 635 768 786 823 1090 1145 1425 1542 1592 1663 1671 1855 1974 2042 2219 2298 2360 2497 2548 2681 2777 3178 3242 3371 3654 3656 3830 3855 3859 3955 4017 4030 4157 4219 4368 4474 4477 4528 4554 4639 4655 4711 4714 4733 4797 4820 4902 5120 5310 5322 5524 5818 5879 5904 5977 6009 6043 6053 6132 6167 6338 6392 6515 6534 6917 6987 7000 7019 7040 7056 7060 7075 7097 7151 7185 10074 10089 10106 10112 10131 10136 10146 10161 10163 10177 10187 10193 10206 10210 10217 10223 10225 10231 10232 10233 10235 10238 10239 10244 10253 10256 10257 10259 10273 10283 10284 10292 10299 
	}
	manpower=1
	buildings_max_level_factor=1.000
	state_category=town
	local_supplies=0.000
}
