
state={
	id=155
	name="STATE_155"

	history={
		owner = TES

	}

	provinces={
		38 49 58 64 85 103 107 110 115 129 225 255 293 302 319 321 329 331 338 341 348 360 365 374 378 423 428 453 489 490 491 505 516 578 580 591 633 636 642 644 646 668 703 713 778 785 807 818 821 834 851 910 913 929 932 937 938 947 956 972 987 1000 1021 1026 1037 1080 1105 1121 1147 1148 1149 1229 1277 1295 1318 1345 1347 1353 1363 1382 1433 1440 1447 1484 1491 1495 1498 1548 1560 1571 1580 1596 1597 1634 1635 1638 1658 1665 1673 1680 1695 1733 1736 1748 1752 1754 1777 1778 1844 1859 1914 1935 1943 1950 1953 1956 1959 1967 1986 1993 2017 2029 2031 2041 2055 2068 2080 2103 2114 2123 2142 2146 2168 2175 2178 2179 2198 2200 2204 2211 2213 2221 2248 2252 2259 2261 2276 2277 2288 2300 2315 2336 2371 2375 2383 2392 2415 2418 2422 2426 2437 2447 2484 2486 2502 2520 2544 2569 2575 2598 2615 2634 2657 2658 2659 2663 2678 2683 2685 2724 2726 2727 2774 2781 2785 2790 2827 2834 2863 2864 2880 2881 2898 2902 2925 2927 2934 2935 2936 2941 2949 2954 2958 3000 3014 3025 3040 3071 3080 3097 3106 3118 3135 3146 3176 3180 3198 3227 3230 3239 3244 3247 3255 3272 3281 3316 3330 3349 3359 3387 3410 3430 3441 3456 3471 3476 3496 3498 3511 3513 3515 3527 3543 3554 3571 3573 3576 3583 3601 3636 3638 3640 3668 3669 3674 3708 3713 3724 3736 3745 3874 3882 3956 3969 3982 3986 3989 3998 4004 4055 4065 4074 4086 4088 4100 4103 4147 4165 4176 4178 4187 4189 4202 4231 4255 4265 4284 4307 4316 4376 4403 4410 4425 4426 4480 4486 4497 4510 4542 4546 4560 4576 4593 4595 4599 4609 4629 4634 4635 4637 4640 4671 4679 4680 4684 4707 4730 4736 4745 4764 4765 4819 4822 4833 4836 4843 4847 4848 4854 4868 4871 4878 4879 4885 4886 4919 4933 4942 4961 4963 4988 4999 5011 5020 5026 5032 5072 5097 5103 5113 5138 5158 5198 5208 5214 5217 5220 5240 5246 5268 5284 5311 5316 5329 5337 5343 5345 5351 5361 5366 5374 5381 5383 5391 5398 5405 5410 5426 5437 5453 5455 5458 5478 5482 5486 5491 5496 5520 5530 5537 5570 5588 5596 5601 5613 5636 5653 5681 5703 5705 5762 5771 5782 5797 5812 5826 5833 5834 5840 5855 5861 5876 5886 5890 5906 5946 5951 5958 5971 5982 5997 6018 6019 6024 6097 6107 6118 6121 6142 6146 6152 6164 6172 6219 6224 6227 6232 6274 6309 6311 6322 6323 6326 6327 6334 6385 6395 6419 6434 6439 6454 6460 6462 6471 6477 6494 6503 6530 6531 6542 6567 6568 6599 6634 6661 6699 6702 6708 6713 6730 6745 6753 6771 6777 6778 6783 6785 6791 6796 6812 6821 6829 6845 6860 6868 6880 6901 6952 6964 7005 7007 7033 7189 7252 7260 7297 9384 9402 9403 9404 9420 9429 9439 9442 9447 9450 9451 9452 9453 9455 9456 9457 9459 9460 9463 9464 9466 9470 9471 9472 9473 9478 9479 9483 9484 9485 9486 9488 9491 9494 9495 9499 9501 9505 9508 9509 9512 9513 9514 9516 9524 9526 9528 9529 9531 9533 9534 9535 9537 9544 9547 9554 9555 9561 9563 9569 9571 9575 9582 9585 9602 9604 9608 9609 9613 9616 9621 9625 9628 9629 9630 9634 9639 9642 9643 9646 9648 9653 9655 9656 9662 9664 9665 9670 9672 9673 9677 9688 9705 9706 9714 9718 9719 9721 9724 9730 9732 9735 9736 9737 9741 9743 9746 9747 9751 9755 9756 9759 9762 9768 9770 9771 9776 9777 9779 9780 9786 9793 9798 9804 9808 9816 9817 9821 9826 9835 9840 9849 9850 9854 9860 9861 9869 9873 9874 9876 9879 9880 9882 9889 9893 9896 9897 9902 9904 9907 9908 9909 9910 9912 9913 9914 9917 9919 9923 9924 9926 9928 9929 9936 9937 9938 9940 9941 9944 9945 9955 9956 9957 9959 9960 9967 9969 9970 9976 9979 9980 9981 9984 9985 9987 9989 9990 9994 9996 9999 10005 10008 10010 10014 10015 10016 10020 10022 10029 10031 10036 10037 10053 10055 10057 10058 10065 10071 10078 10083 10088 10090 10093 10101 10102 10109 10115 10116 10121 10123 10144 10156 10200 10201 
	}
	manpower=1
	buildings_max_level_factor=1.000
	state_category=town
}
