
state={
	id=167
	name="STATE_167"

	history={ afr_state_setup_scripted_effect = yes
		owner = TES

	}

	provinces={
		230 270 350 441 500 706 710 742 796 853 881 973 1138 1250 1303 1509 1670 1791 1915 1984 2007 2043 2161 2348 2372 2515 2670 3060 3172 3259 3342 3350 3406 3421 3489 3581 3780 3787 3797 3847 3858 3870 4287 4294 4430 4450 4567 4594 4657 4761 4762 4864 4881 4907 4912 4970 5010 5054 5079 5092 5264 5428 5466 5565 5678 5709 5829 5926 5933 6204 6354 6358 6489 6517 6551 6613 6805 6819 6831 6903 7150 7221 7294 9011 9122 9147 9189 9283 9287 9307 9349 9354 9367 9381 9383 9406 9407 9413 9417 9428 9435 9441 9444 9445 9446 9454 9458 9462 9469 9487 9498 9502 9504 9518 9522 
	}
	manpower=1
	buildings_max_level_factor=1.000
	state_category=town
}
