
state={
	id=168
	name="STATE_168"
	provinces={
		72 86 253 287 367 406 431 555 558 618 691 750 788 814 843 858 892 912 1172 1173 1232 1298 1336 1337 1436 1459 1549 1664 1811 1878 1987 2049 2051 2056 2085 2106 2195 2228 2453 2547 2702 2731 2796 2807 2869 3275 3297 3373 3438 3553 3930 3963 4033 4071 4267 4396 4468 4550 4591 4692 4788 4892 5362 5394 5427 5658 5807 5895 6092 6370 6413 6479 6480 6483 6642 6682 6737 7057 7137 7197 7271 7272 9186 9191 9209 9226 9238 9258 9277 9290 9298 9304 9342 9351 9373 9387 9392 9401 9414 9418 9423 9443 9449 
	}
	state_category=town
	history={
		owner=TES
	}
	manpower=1
	buildings_max_level_factor=1.000
}
