
state={
	id=169
	name="STATE_169"
	provinces={
		100 323 540 639 718 921 1003 1139 1325 1395 1460 1493 1614 1672 1870 2151 2294 2299 2420 2526 2560 2728 2797 2878 2911 3086 3136 3205 3376 3379 3432 3454 3457 3514 3519 3689 3700 3717 3734 3923 4006 4019 4056 4156 4244 4279 4308 4319 4363 4604 4688 4780 4807 4826 4872 4882 5028 5128 5280 5323 5487 5550 5677 5723 5731 5787 5928 6014 6049 6217 6287 6359 6412 6468 6578 6616 6653 6763 6944 6955 6996 7025 7130 7142 7193 7227 8562 8606 8616 8620 8641 8703 8719 8722 8750 8758 8771 8785 8795 8796 8797 8812 8821 8834 8850 8868 8873 8899 8937 8945 8950 8963 8979 8982 9002 9003 9014 9023 9025 9059 9061 9071 9072 9084 9085 9091 9093 9114 9141 9152 9175
	}
	state_category=town
	history={ afr_state_setup_scripted_effect = yes
		owner=WDD
	}
	manpower=1
	buildings_max_level_factor=1.000
}
