
state={
	id=170
	name="STATE_170"

	history={
		owner = TUG

	}

	provinces={
		6 19 55 92 104 139 195 209 211 262 281 392 451 457 467 499 519 627 665 685 719 727 756 824 871 935 1038 1091 1238 1265 1362 1386 1391 1394 1414 1462 1644 1725 1732 1899 1994 2074 2082 2140 2292 2296 2310 2431 2488 2540 2883 2920 2965 2982 3024 3446 3618 3659 3836 3871 4166 4553 4596 4677 4818 4929 4962 5182 5346 6589 6833 6834 7149 7287 8182 8219 8274 8313 8344 8366 8373 8380 8420 8432 8464 8477 8500 8503 8510 8512 8535 
	}
	manpower=1
	buildings_max_level_factor=1.000
	state_category=town
}
