
state={
	id=18
	name="STATE_18"
	provinces={
		21 346 688 852 1015 1053 1243 1344 1469 1869 1904 1932 1942 2002 2155 2232 2249 2272 2559 2606 2772 2780 2793 2885 2975 3067 3161 3214 3291 3336 3380 3389 3588 3678 3684 3692 3714 3756 3934 3949 4135 4366 4404 4409 4496 4505 4583 4700 4920 4991 5076 5219 5227 5488 5544 5591 5746 5847 6104 6117 6203 6504 6668 6798 6832 6838 7043 7174 7232 7313 7314 7336 7338 7357 7360 7374 7396 7402 7403 7417 7435 7441 7446 7456 7474 7495 7499 7511 7516 7525 7542 7559 7566 7589 7597 7605
	}
	history={
		owner=OTO
	}
	manpower=1
	buildings_max_level_factor=1.000
}
