
state={
	id=183
	name="STATE_183"
	provinces={
		498 506 586 992 1296 1536 1712 1874 1889 1890 1897 2377 2673 2795 2899 2929 2966 3138 3307 3388 3799 3879 3951 3976 4015 4131 4200 4222 4323 4345 4476 4633 4719 5082 5093 5231 5328 5356 5440 5587 5593 5629 5682 5721 5772 5843 5848 5954 6002 6030 6047 6150 6196 6200 6277 6282 6350 6360 6586 6647 6784 6886 7047 7107 7122 7215 7231 8709 8757 8773 8774 8792 8820 8823 8827 8828 8839 8840 8846 8848 8849 8862 8870 8900 8910 8926 8931 8933 8936 8959 8962 8966 8967 8970 8974 8984 8987 8991 8998 9001 9010 9015 9016 9028 9043 9047 9048 9067 9077 9089 9090 9097 9105 9108 9118 9136 9139 9158 9159 
	}
	state_category=town
	history={
		owner=TES
	}
	manpower=1
	buildings_max_level_factor=1.000
}
