
state={
	id=190
	name="STATE_190"
	provinces={
		20 81 134 409 502 755 761 830 866 961 966 1031 1103 1249 1291 1423 1463 1524 1629 1782 1796 1827 1852 1876 1902 1977 2054 2072 2126 2216 2254 2306 2331 2427 2566 2605 2614 2628 2656 2686 2717 2730 2738 2757 2830 2873 2951 2987 3112 3117 3141 3185 3211 3269 3309 3372 3517 3538 3579 3612 3794 3832 3838 3852 3915 3968 3996 4125 4129 4140 4212 4217 4225 4229 4254 4259 4275 4280 4281 4479 4484 4519 4610 4626 4678 4753 4772 4785 4794 4798 4825 4844 4846 4952 4995 5033 5043 5073 5166 5179 5233 5336 5407 5420 5429 5435 5525 5526 5531 5664 5679 5702 5769 5783 5824 5825 5888 5915 5924 6026 6059 6198 6205 6214 6285 6344 6347 6369 6379 6381 6496 6587 6623 6654 6707 6759 6774 6878 7051 7164 7255 7259 7277 8718 8755 8790 8826 8830 8886 8898 8904 8922 8961 8983 8994 9004 9019 9027 9029 9046 9051 9052 9055 9065 9075 9078 9096 9126 9133 9137 9148 9149 9154 9156 9157 9163 9164 9171 9179 9188 9190 9196 9200 9203 9215 9216 9221 9227 9228 9229 9230 9241 9243 9246 9247 9263 9266 9269 9270 9276 9281 9286 9292 9293 9294 9297 9300 9308 9312 9313 9317 9321 9326 9330 9331 9332 9341 9346 9353 9355 9369 9370 9372 9378 9380 9390 9397 9400 9405 9411 9412 9416 9419 9425 9426 9430 9431 9438 9440 
	}
	state_category=town
	history={
		owner=TES
	}
	manpower=1
	buildings_max_level_factor=1.000
}
