
state={
	id=23
	name="STATE_23"
	provinces={
		13 172 194 326 333 473 514 522 534 545 560 661 729 762 764 789 801 915 990 1063 1110 1228 1340 1438 1474 1508 1530 1636 1647 1720 1756 1772 1776 1836 1839 2035 2089 2107 2260 2275 2317 2432 2445 2514 2644 2687 2758 2776 2818 2844 2855 3032 3045 3068 3181 3206 3257 3395 3401 3407 3442 3557 3564 3609 3662 3680 3693 3702 3719 3764 3767 3786 3866 3877 3911 4027 4028 4106 4155 4214 4223 4256 4335 4389 4399 4401 4445 4521 4683 4694 4713 4721 4770 4835 5004 5048 5162 5175 5212 5279 5304 5312 5313 5320 5324 5513 5529 5557 5561 5599 5632 5654 5887 6098 6144 6186 6256 6259 6303 6324 6335 6361 6491 6620 6690 6719 6767 6881 6922 6935 6937 7170 7256 7319 7320 7321 7322 7323 7324 7325 7326 7327 7328 7329 7330 7333 7334 7339 7341 7342 7346 7347 7349 7351 7353 7354 7358 7361 7364 7370 7372 7376 7377 7378 7380 7386 7388 7389 7392 7395 7401 7404 7406 7412 7413 7415 7416 7420 7424 7426 7427 7433 7436 7440 7442 7447 7450 7461 7462 7468 7471 7472 7477 7485 7486 7488 7489 7492 7498 7505 7506 7507 7509 7522 7538 7552 7556 7560 10711 10713 10717 10740 10741
	}
	state_category=town
	history={
		owner=PER
	}
	manpower=1
	buildings_max_level_factor=1.000
}
