
state={
	id=35
	name="STATE_35"

	impassable = yes

	history={
		owner = NJD

	}

	provinces={
		65 140 154 197 202 412 465 675 859 886 905 1379 1400 1499 1788 1794 2060 2246 2338 2407 2653 2779 2865 2977 3001 3217 3282 3493 3505 3524 3550 3606 3885 3905 4038 4072 4079 4089 4095 4832 4850 5101 5261 5516 5617 5674 5794 5860 5919 6258 6441 6450 6561 6574 6717 6884 7153 7791 7862 7871 7888 7893 7899 7912 7936 7957 8000 8001 8005 8015 8048 8062 8086 8094
	}
	manpower=1
	buildings_max_level_factor=1.000
	state_category=town
}
