
state={
	id=4
	name="STATE_4"
	provinces={
		60 351 362 396 427 513 623 702 864 903 981 1042 1061 1108 1160 1204 1224 1240 1270 1503 1632 1721 1818 1821 2003 2177 2181 2240 2340 2356 2571 2595 2611 2784 3079 3283 3308 3451 3500 3558 3639 3697 3802 3814 3824 3863 3925 3977 4010 4160 4172 4242 4320 4441 4457 4459 4533 4618 4623 4632 4815 4889 4945 4953 4960 5052 5088 5331 5416 5430 5483 5798 5862 5994 6012 6116 6218 6307 6389 6404 6630 6723 6746 6854 6908 6942 6965 7092 7267 7381 7419 7431 7475 7493 7517 7575 7580 7588 7591 7593 7599 7606 7614 7628 7631 7641 7643 7644 7646 7665 7678 
	}
	manpower=0
	buildings_max_level_factor=1.000
}
