
state={
	id=55
	name="STATE_55"
	provinces={
		29 48 99 246 249 284 291 305 443 482 493 536 610 676 798 850 856 900 920 977 982 1027 1035 1052 1072 1086 1097 1164 1177 1181 1188 1220 1269 1290 1328 1408 1541 1550 1579 1656 1686 1715 1790 1895 1972 2032 2050 2113 2202 2278 2285 2376 2410 2561 2692 2782 2953 3175 3204 3300 3325 3332 3461 3536 3548 3641 3821 3825 3872 4183 4190 4221 4301 4527 4775 4866 4950 5038 5134 5229 5248 5309 5431 5660 5823 5912 5990 5999 6109 6151 6208 6332 6351 6487 7070 7166 7731 7736 7748 7756 7767 7785 7806 7809 7811 7896 7964 8018 8057 8118
	}
	history={
		owner = EGY
	}
	manpower=1
	buildings_max_level_factor=1.000
	state_category=town
}
