
state={
	id=56
	name="STATE_56"
	provinces={
		102 108 206 227 239 385 438 549 617 619 725 754 949 1114 1178 1311 1505 1609 1631 1750 1755 1969 2137 2365 2430 2518 2620 2630 2662 2716 2816 3037 3166 3182 3223 3246 3658 3704 3731 3770 3808 3954 3978 3983 4069 4186 4248 4558 4910 5270 5540 5693 5921 6032 6233 6312 6748 7052 7810 7813 7814 7821 7870 7883 7891 7933 7949 7955 7973 7975 7980 7987 7995 8013
	}
	history={
		owner = OTO
	}
	manpower=1
	state_category=town
	buildings_max_level_factor=1.000
}
