
state={
	id=59
	name="STATE_59"

	history={
		owner = ALG

	}

	provinces={
		90 96 156 264 312 317 363 371 380 418 592 599 609 630 781 870 890 986 991 1051 1142 1261 1376 1399 1545 1590 1593 1690 1746 2094 2101 2136 2188 2234 2258 2266 2282 2321 2334 2353 2434 2567 2720 2817 2851 2931 2971 2992 3003 3012 3113 3152 3162 3294 3304 3346 3488 3495 3534 3607 3718 3739 4151 4321 4494 4524 4660 4738 4779 4831 4838 4859 4874 4981 4994 5152 5157 5200 5249 5250 5397 5621 5635 5640 5655 5680 5694 5699 5736 5738 5760 5781 5871 5889 5897 5938 5942 6065 6100 6105 6156 6213 6266 6352 6355 6380 6453 6485 6595 6607 6799 6807 6993 7085 7100 7203 7243 7280 7668 7673 7677 7680 7681 7684 7688 7694 7695 7696 7697 7705 7709 7711 7712 7715 7717 7723 7724 7730 7733 7737 7740 7741 7746 7747 7758 7761 7762 7766 7768 7769 7774 7788 7789 7797 7800 7803 7825 7832 7841 7851 7885 7886 7927 7982 7993 7997 8028 
	}
	manpower=1
	buildings_max_level_factor=1.000
	state_category=town
}
