
state={
	id=60
	name="STATE_60"
	provinces={
		52 88 601 670 708 784 800 1006 1092 1159 1191 1304 1313 1351 1361 1368 1410 1452 1559 1577 1653 1655 1683 1973 2087 2218 2229 2239 2308 2343 2508 2509 2511 2516 2594 2800 2826 2890 2895 2933 2947 3036 3126 3145 3186 3321 3443 3869 3908 3981 4023 4077 4092 4192 4224 4236 4266 4277 4417 4442 4483 4500 4508 4517 4597 4611 4689 4695 4913 5044 5122 5178 5195 5243 5258 5326 5379 5539 5556 5766 5830 6057 6122 6159 6221 6239 6261 6299 6328 6396 6557 6571 6698 6835 6839 6871 6890 6918 6974 6983 7002 7038 7053 7058 7091 7121 7132 7134 7201 7209 7275 7714 7721 7745 7754 7755 7757 7764 7770 7773 7776 7778 7781 7782 7783 7784 7790 7793 7796 7801 7807 7812 7816 7831 7833 7835 7840 7844 7846 7850 7858 7859 7861 7869 7872 7875 7876 7877 7884 7887 7889 7890 7895 7898 7904 7905 7906 7909 7913 7914 7918 7919 7920 7922 7924 7926 7930 7932 7934 7940 7942 7948 7950 7952 7954 7963 7965 7966 7967 7972 7985 7991 8025 8060
	}
	history={
		owner = MOR
	}
	manpower=1
	buildings_max_level_factor=1.000
	state_category=town
}
