
state={
	id=62
	name="STATE_62"
	provinces={
		2 14 76 138 181 210 232 254 259 294 442 483 547 603 632 707 744 820 855 887 899 924 953 954 1004 1017 1055 1126 1129 1214 1244 1380 1496 1588 1735 1760 1766 1833 1865 1871 1884 2064 2088 2132 2253 2441 2543 2705 2715 3078 3119 3148 3158 3213 3318 3327 3398 3434 3481 3521 3545 3766 3782 3840 3933 4080 4204 4282 4406 4565 4914 4959 5039 5111 5215 5385 5477 5484 5498 5600 5614 5923 6143 6194 6212 6333 6520 6646 6740 6953 7018 8097 8145 8192 8214 8310 8321 8330 8348 8351 8357 8358 8386 8390 8399 8408 8449 10764
	}
	history={
		owner = MRT
	}
	manpower=1
	state_category=town
	buildings_max_level_factor=1.000
}
