
state={
	id=67
	name="STATE_67"

	history={
		owner = SAU

	}

	provinces={
		122 178 271 278 388 411 459 461 492 528 583 655 783 828 996 1060 1081 1089 1095 1179 1206 1279 1282 1286 1390 1392 1448 1591 1620 1669 1691 1726 1867 1873 1981 1999 2105 2115 2329 2402 2428 2481 2489 2490 2500 2563 2581 2583 2588 2599 2637 2675 2764 2809 2814 2831 2940 2960 2993 3027 3092 3099 3108 3127 3155 3284 3397 3414 3416 3587 3631 3701 3796 3864 4022 4075 4141 4237 4264 4333 4347 4364 4373 4451 4502 4552 4585 4663 4672 4732 4791 4827 4839 4849 4978 5018 5068 5089 5145 5147 5340 5388 5399 5523 5536 5649 5711 5728 5759 5788 5820 5852 5872 5873 5891 6010 6016 6085 6087 6106 6148 6191 6215 6231 6367 6492 6535 6536 6657 6658 6792 6883 6907 6936 6985 6995 7001 7024 7027 7161 7191 7222 7229 7242 7254 7777 7802 7815 7817 7818 7820 7827 7836 7837 7845 7863 7878 7879 7897 7907 7908 7916 7917 7928 7929 7935 7951 7956 7959 7961 7971 7979 7981 7984 7988 7998 7999 8009 8010 8011 8012 8017 8021 8026 8029 8031 8038 8045 8058 8059 8061 
	}
	manpower=1
	buildings_max_level_factor=1.000
	state_category=town
}
