
state={
	id=69
	name="STATE_69"

	history={
		owner = HJZ

	}

	provinces={
		12 61 170 207 289 314 432 565 613 669 714 759 832 964 1010 1047 1057 1151 1219 1245 1251 1346 1451 1520 1646 1678 1753 1802 1866 1872 1922 1949 2025 2053 2149 2185 2380 2493 2531 2534 2562 2763 2813 3264 3290 3334 3357 3370 3469 3482 3487 3738 3779 3790 3851 3929 4036 4057 4109 4175 4233 4311 4340 4487 4534 4566 4669 4729 4751 4767 4778 4973 4996 5057 5067 5095 5096 5154 5183 5218 5519 5959 5972 6088 6139 6184 6192 6228 6337 6409 6444 6455 6529 6619 6685 6700 6726 6736 6830 6872 6986 7054 7152 7216 7286 7867 7881 7903 7911 7915 7925 7937 7969 7976 7978 7983 7992 7994 8007 8008 8016 8019 8023 8024 8033 8041 8043 8044 8046 8051 8052 8053 8054 8056 8066 8069 8070 8072 8077 8078 8080 8082 8083 8085 8090 8093 8099 8100 8104 8107 8110 8111 8114 8115 8122 8125 
	}
	manpower=1
	buildings_max_level_factor=1.000
	state_category=town
}
