
state={
	id=722
	name="STATE_722"

	history={
		owner = ORO

	}

	provinces={
		39 105 193 485 544 629 735 749 817 951 970 984 1078 1584 1587 1594 2111 2138 2160 2279 2616 2668 2740 2750 2783 2976 3047 3088 3279 3360 3383 3561 3649 3699 3763 3771 3775 3813 3823 3913 3924 4380 4386 4509 4645 4668 4681 4824 4829 4921 5283 5371 5414 5493 5725 5894 5935 6157 6180 6292 6294 6440 6490 6560 6660 6683 6689 6795 6823 6927 7041 7062 7072 7186 7239 8802 8806 8847 8861 8920 8927 8964 8965 9030 9041 9054 9070 9079 9162 9177 9183 9187 9240 9249 9299 
	}
	manpower=1
	buildings_max_level_factor=1.000
	state_category=town
	local_supplies=0.000
}
