state={
	id=724
	name="STATE_724"
	provinces={
		78 152 402 607 673 839 984 1064 1120 1202 1288 1370 1506 1557 1558 1654 1724 1745 1896 2214 2309 2642 2755 3022 3047 3358 3363 3396 3403 3634 3751 3775 3777 4143 4150 4355 4380 4390 4456 4493 4556 4578 4723 4808 4888 5016 5176 5306 5369 5380 5444 5452 5577 5856 5925 6007 6145 6223 6271 6336 6377 6474 6604 6666 6856 6897 6973 6989 7073 7111 7112 7179 8720 8766 8777 8811 8822 8837 8842 8865 8892 8895 8902 8915 8919 8932 8940 8947 8954 8957 8981 9007 9008 9012 9032 9041 9057 9079 9081 9082 9083 9099 9102 9103 9113 9124 9130 9131 9135 9153 9169 9182 9202 9204 9231 9239 9244 9264 
	}
	history={
		owner = TES
	}
	manpower=1
	buildings_max_level_factor=1.000
	state_category=town
	local_supplies=0.000
}
