
state={
	id=741
	name="STATE_741"
	provinces={
		25 217 435 615 684 721 838 968 1068 1483 1570 1659 1694 1907 1923 1985 2235 2804 2997 3365 3552 3793 3938 4000 4194 4343 4359 4564 5040 5091 5197 5269 5352 5412 5479 5551 5581 5627 5628 5730 5883 5903 5920 5956 6015 6039 6070 6110 6124 6339 6583 7087 7176 7178 7187 7190 7212 10308 10316 10322 10333 10340 10345 10350 10351 10352 10359 10361 10372 10384 10385 10393 10395 10397 10398 10400 10408 10414 10418 10423 10426 10431 10432 10433 10449 10454 10458 10469 10472 10473 10482 10483 10491 10492 10493 10498
	}
	history = {
		owner = ROZ
	}
	manpower=1
	state_category=town
	buildings_max_level_factor=1.000
	local_supplies=0.000
}
