
state={
	id=77
	name="STATE_77"

	history={
		owner = EGY

	}

	provinces={
		46 95 158 269 306 517 737 805 1156 1157 1158 1283 1330 1471 1551 1623 1679 1729 1801 1820 1891 2052 2066 2070 2314 2421 2471 2522 2550 2631 2806 2861 2871 3010 3095 3201 3218 3384 3635 3657 3804 3980 3993 4121 4148 4193 4382 4422 4429 4642 4690 4720 4957 4985 5053 5070 5368 5569 5638 5647 5666 5816 5882 6188 6348 6356 6421 6438 6755 6772 6781 7105 7108 7234 7249 8299 8302 8305 8309 8318 8319 8325 8328 8335 8345 8346 8361 8375 8376 8377 8384 8393 8394 8404 8407 8409 8421 8422 8428 8436 8438 8447 8472 8481 8487 8504 8529 8536 8537 
	}
	manpower=1
	buildings_max_level_factor=1.000
	state_category=town
}
