
state={
	id=785
	name="STATE_785"

	history={
		owner = ETH
	}

	provinces={
		402 692 694 822 933 1235 1424 1565 2293 2305 2937 3253 3323 3423 3447 3810 3940 4040 4288 4355 4427 4453 4532 4715 4725 4928 4955 4956 5061 5071 5118 5274 5595 5630 5784 5957 6315 6513 6548 6570 6622 6666 6973 6980 7111 8515 8542 8567 8569 8573 8588 8592 8593 8594 8600 8624 8625 8626 8632 8652 8653 8654 8688 8690 8701 8706 8716 8720 8733 8743 8766 8772 8777 8783 8793 8811 8813 8818 8822 8831 8837 8857 8865 8875 8888 8889 8901
	}
	manpower=1
	state_category=town
	buildings_max_level_factor=1.000
	local_supplies=0.000
}
