
state={
	id=857
	name="STATE_857"
	provinces={
		49 103 293 348 491 516 644 913 947 1121 1345 1433 1440 1447 1695 1733 1754 2029 2200 2213 2248 2252 2375 2392 2418 2447 2544 2598 2726 2785 2925 2935 3146 3244 3668 4065 4074 4086 4231 4307 4480 4843 4879 5072 5329 5345 5366 5426 5596 5705 5771 6121 6227 6327 6395 6460 6661 6699 6730 9569 9575 9582 9613 9646 9656 9672 9705 9706 9724 9747 9817 9826 9850 9882 9896 9912 9928 9929 9941 9960 9979 
	}
	history={
		owner=TIP
	}
	manpower=1
	state_category=town
	buildings_max_level_factor=1.000
	local_supplies=0.000
}
