
state={
	id=94
	name="STATE_94"
	provinces={
		89 242 468 542 983 1412 1640 1806 1823 2090 2363 2405 2513 2570 2665 2741 2745 2819 3177 3458 3755 3805 3944 3952 3997 4182 4208 4309 4327 4369 4536 4570 4612 4658 4823 5000 5139 5363 5419 5744 5884 5980 6045 6268 6544 6651 6693 7069 7101 7261 8170 8203 8204 8208 8217 8220 8227 8229 8235 8236 8242 8245 8249 8272 8278 8282 8290 8291 8297 8298 8300 8312 8315 8316 8322 8329 8331 8368 8369 10765 
	}
	history={ afr_state_setup_scripted_effect = yes
		owner = EGY
	}
	manpower=1
	state_category=town
	buildings_max_level_factor=1.000
}
