state={
	id=98
	name="STATE_98"
	provinces={
		22 30 426 594 772 1152 1225 1248 1415 1446 1556 1819 1937 2342 2409 2485 2501 2525 2671 2696 3221 3660 4012 4132 4184 4418 4514 4734 4828 4884 5364 5505 5650 5668 5692 5753 5846 5909 6048 6498 6500 6514 6692 6758 6803 6915 7202 9324 9333 9343 9361 9391 9408 9437 9448 9461 9465 9477 9480 9481 9496 9497 9507 9511 9517 9525 9527 9532 9536 9548 9559 9573 9590 9612 9620 
	}
	state_category=town
	history={
		owner=TES
	}
	manpower=1
	buildings_max_level_factor=1.000
}
